81 0
87 460
79 1125
80 1911
87 2550
79 3048
80 3696
81 4167
80 4496
87 5146
80 5622
79 6267
81 6626
80 6765
87 7069
79 7381
81 7731
87 10289
79 10778
87 11450
79 11738
80 11863
79 12181
87 12540
79 12860
81 15487
80 15954
81 16578
87 16907
81 17071
87 17415
79 17711
79 20600
87 21089
80 21754
81 22051
80 22262
79 22513
87 22866
79 23176
80 25775
87 26259
79 26885
81 27218
80 27382
87 27717
79 28038
87 28358
80 28662
80 28997
87 29145
79 29457
79 29768
81 30126
80 30282
87 30577
81 31296
80 31608
87 31920
79 32075
79 32381
81 32545
80 32881
79 33028
87 33549
81 33893
80 34198
79 34510
87 34634
79 34952
81 35272
80 35615
79 36072
87 36593
81 36750
80 38382
87 38703
79 38999
79 39318
81 39473
80 39770
80 40120
87 40447
79 40628
80 40957
81 41627
80 41908
79 42250
87 42392
79 42700
81 42884
80 43195
87 43530
81 43848
81 44163
79 44498
87 44825
80 44958
81 45261
79 45574
87 45901
80 49019
79 49456
87 50142
81 50626
80 50937
87 51256
79 51577
79 51740
80 52046
80 52529
87 52694
79 53022
80 53194
81 53501
79 53814
79 56739
87 57238
80 57527
79 57699
87 57896
80 58175
81 58347
79 58658
87 59001
79 61922
79 62085
87 62394
79 62853
87 63040
80 63337
81 63487
79 63824
81 64144
80 64487
87 67124
79 67469
80 67601
80 67898
81 68031
79 68210
79 68536
87 68686
80 68989
81 69348
80 72241
79 72420
87 72568
79 72717
79 73028
81 73192
80 73356
87 73691
80 73872
81 74166
79 74439
87 75148
80 75296
79 75452
79 75803
81 75959
80 76272
87 76639
79 76764
81 77045
81 77732
80 78082
80 78349
87 78520
79 78834
81 78999
79 79327
87 79501
81 80003
81 80323
79 80632
87 80939
80 81071
79 81422
80 81742
79 82061
80 82520
79 83020
87 83183
80 85457
79 85596
87 85768
87 85933
79 86290
81 86626
80 86874
79 87076
87 87381
79 88051
87 88354
80 88681
87 88829
79 89135
87 89291
80 89462
81 89644
79 89775
87 90311
79 90632
87 90934
80 91223
81 91417
79 91707
87 92034
80 92330
81 92907
80 93047
87 93195
79 93352
79 93655
81 93818
80 93991
80 94317
87 94473
79 94816
80 95146
81 95442
80 95613
87 95801
79 95951
79 96231
81 96410
80 96580
79 96894
87 97037
80 97398
79 97694
81 98037
81 98193
80 98395
87 98536
79 98834
87 98975
80 99162
80 99450
87 99636
79 99955
81 100283
87 101752
80 102048
87 102204
79 102514
81 104357
80 104647
81 104811
87 105099
79 105452
80 105796
80 106115
87 106435
79 106600
79 106912
81 107263
80 107550
87 107691
79 108018
79 108400
81 108711
80 109000
80 109172
87 109493
79 109803
80 110130
79 110435
81 110972
79 111292
87 111589
80 111909
81 112041
79 112346
87 112711
80 113038
81 113552
79 113831
87 114165
80 114328
81 114662
79 114818
87 114952
80 115108
81 115279
79 115592
87 115786
80 115974
81 116091
79 116428
80 116731
87 116910
79 117231
80 117551
81 117902
79 118050
87 118354
80 119031
80 119327
87 119467
79 119794
79 120089
81 120517
87 120821
80 121289
80 121578
87 121916
79 122085
80 122687
81 123046
79 123367
87 123539
80 123858
87 124194
79 124334
79 124660
81 124817
80 125004
80 125300
87 125440
79 125798
80 126111
81 126407
79 126579
87 126732
80 126903
80 127225
81 127382
79 127547
79 127875
87 128016
80 128327
87 128669
80 129038
81 129179
79 129335
87 129498
81 129833
79 129981
80 130137
81 130432
80 130589
87 130934
79 131240
81 131903
80 132225
80 132559
87 132707
79 133044
81 133357
79 133520
87 133683
80 133840
81 134497
80 134637
79 134808
79 135121
87 135300
80 135604
81 135947
79 136088
87 136259
80 136391
81 137086
79 137227
87 137397
87 137732
81 137858
87 138169
81 138365
87 138497
80 138637
79 138816
87 139004
81 139629
80 139793
79 139980
80 140120
80 140441
87 140769
80 141075
79 141224
81 141559
80 142194
79 142381
87 142521
79 142654
80 143092
80 143372
81 143536
79 143841
87 143981
80 144528
79 144836
87 145189
79 145455
81 145620
80 145902
87 146255
79 146605
80 147050
81 147564
79 147696
81 149156
80 149321
87 149502
79 149643
79 149947
81 150111
80 150306
87 150423
79 150760
80 151113
81 151417
79 151581
87 151903
81 152554
80 152873
87 153192
79 153355
81 153666
80 153852
87 154008
79 154133
81 154318
80 154795
81 155138
79 155460
87 155738
80 155933
79 156214
81 156558
79 156844
87 157023
80 157398
81 157749
79 157874
79 158194
87 158536
80 158801
81 158979
79 159300
79 159652
81 159988
80 160137
87 160284
79 160448
79 160751
81 160900
80 161088
80 161377
87 161556
79 161875
81 162186
79 162527
87 162689
79 162854
87 163018
80 163329
81 163486
80 163656
87 163998
79 164155
80 164498
79 164823
87 165150
79 165275
87 165461
80 165624
81 165942
79 166074
87 166246
80 166580
79 166744
80 167079
79 167375
87 167707
87 168837
79 169180
87 169359
80 169624
