81 0
87 213
81 413
87 646
81 865
87 1107
81 1332
87 1550
81 1807
87 2033
81 2259
87 2531
81 2749
87 2983
81 3201
87 3442
81 3652
87 3863
81 4106
87 4318
81 4536
87 4762
81 4980
87 5198
81 5447
87 5687
81 5888
87 6154
79 6432
79 7133
80 7351
87 8800
79 9221
81 9680
80 10148
80 10904
79 11100
81 12460
80 12873
79 13412
87 13879
79 14488
81 14744
81 16260
80 16601
79 17068
87 17576
79 18176
80 18504
79 19424
81 19968
87 20240
79 21140
87 21832
81 22089
87 22585
81 23005
87 23488
79 23862
80 24330
81 24774
79 25340
87 25785
81 27086
80 27545
79 27980
87 28456
80 29157
79 29337
81 30703
79 31054
80 31552
87 31997
79 32613
80 32875
81 33778
80 34488
79 34720
87 35108
79 35655
81 36955
80 37383
79 37779
87 38020
79 38222
80 38455
80 38643
80 38853
79 39087
79 39281
87 39506
79 39691
81 39939
80 40373
81 40807
79 41032
87 41211
80 41445
81 41670
79 41887
87 42089
80 42314
79 42532
80 42733
80 42959
87 43161
79 43380
81 43852
80 44257
87 44469
79 44647
81 44887
80 45120
87 45362
79 45565
80 45767
79 46001
81 46188
80 46412
87 46597
79 46830
81 47353
80 47725
81 49640
80 49857
81 50059
80 50284
81 50534
80 50743
81 50977
79 51180
87 51382
79 51600
87 51810
79 52011
87 52222
79 52448
87 52681
80 52913
81 53123
80 53311
81 53550
80 53737
81 53972
80 54166
81 54392
79 54625
87 54858
79 55055
87 55273
79 55466
87 55684
79 55925
80 56375
81 56804
79 56990
87 57216
80 57440
79 57642
81 58108
80 58497
87 58731
79 58949
80 59144
81 59354
79 59820
87 60030
80 60220
81 60420
79 60646
87 60864
80 61074
81 61347
79 61533
81 61929
80 62137
87 62386
79 62565
80 62791
81 63235
80 63445
81 63655
79 63881
87 64099
80 64333
81 64543
79 64752
87 64972
81 65400
80 65617
87 65850
79 66038
80 66278
79 66481
87 66669
81 67376
80 67570
79 68830
80 69311
81 69731
80 70180
81 70586
80 70827
87 71029
79 71224
80 71444
79 71904
79 72332
80 72521
79 72730
80 72972
81 73190
79 73361
87 76232
79 77064
81 78791
80 78976
87 79200
79 79427
80 79637
79 80065
87 80501
81 82208
80 82424
87 82610
79 82829
79 83015
81 83538
80 83944
81 85657
80 85860
87 86085
79 86279
81 86467
81 86925
80 87369
81 87557
79 87752
87 88001
79 88438
81 89104
80 89469
87 89718
79 90082
81 90754
80 91392
87 91617
81 92926
79 93331
87 93768
80 94219
79 94867
81 95068
81 96337
81 96757
87 97231
81 97674
81 98290
87 98486
79 99767
80 100203
87 100630
80 101098
81 101730
79 101940
87 102795
80 103418
79 103629
81 104493
80 105132
87 105319
79 105779
81 105959
80 106190
87 106632
79 106835
81 107061
80 107473
87 107667
79 107878
80 108329
81 108554
80 108757
80 109224
81 109388
80 109630
80 110072
87 110273
79 110483
80 110927
81 111105
79 111323
87 111789
81 111976
87 112155
80 112628
81 112839
79 113072
80 113460
80 113678
80 113895
87 114355
81 114823
87 115423
79 115633
81 116491
87 117122
80 117315
79 117683
81 118212
87 121667
81 122507
80 122929
79 123348
79 123792
87 124017
79 124218
80 124648
81 125098
79 125284
80 125502
87 125706
80 125948
81 126322
79 126772
79 126982
79 127192
79 127410
79 127612
81 128038
80 128490
80 128724
80 128942
80 129113
80 129347
81 129786
87 130205
79 130415
80 130600
79 130811
87 131060
79 131233
80 131452
81 131927
81 133897
80 134084
79 134287
87 134488
79 134729
80 134955
81 135157
79 135343
80 136045
81 136263
80 137556
81 137961
79 138389
87 138856
80 139260
81 139455
80 139698
87 140111
79 140593
81 141066
80 141409
87 141861
79 142292
81 144222
80 144439
79 144635
87 144845
80 145064
79 145282
81 145747
80 145979
80 146196
79 146368
87 146570
79 146803
81 147035
80 147246
87 147440
80 147635
80 147876
87 148079
79 148266
81 148499
80 148709
79 149120
87 149771
81 150020
81 151273
80 151491
79 151692
80 151910
87 152104
79 152555
81 152967
79 153195
87 153382
80 153624
81 153796
80 154271
80 154690
87 154892
79 155079
80 155288
79 155529
81 155724
79 157658
80 158497
81 159373
79 161080
87 161276
80 161493
80 161695
79 161882
81 162304
79 162730
81 164429
80 164833
87 165261
79 165700
80 166123
81 167827
80 168046
87 168247
79 168450
79 168628
81 169111
80 169510
87 169914
79 170116
79 170527
81 171226
80 171584
87 171857
79 172239
81 172837
80 173525
87 173704
79 174972
81 175399
80 175804
87 176278
79 176869
81 177080
87 178372
80 178784
81 179190
79 179652
80 180251
79 180422
81 181751
87 182169
80 182589
81 183033
79 183648
87 183843
81 184724
80 185301
87 185542
81 186398
79 186996
87 187198
80 188502
79 188921
81 189350
80 189802
87 190428
79 190631
81 191874
80 192287
87 192739
80 193143
81 193791
79 194000
79 195271
79 195707
79 196125
80 196559
87 197119
81 197320
80 198228
79 198912
87 199083
81 199464
79 199937
81 209922
87 210721
80 210931
81 211560
79 211746
87 212213
80 212640
81 213052
87 213934
79 214308
80 214721
81 215204
87 215586
81 216013
81 216450
87 216877
80 217520
79 217722
80 218360
81 218585
80 218981
81 219415
79 219843
81 220719
87 221116
80 221497
79 221901
81 222404
80 222802
80 223246
81 223828
80 224304
87 224513
81 225158
79 225377
87 225791
80 226234
79 226661
81 227529
80 227949
87 228370
79 228759
81 229186
80 229629
79 230065
80 230456
81 231134
79 231329
80 231969
87 232179
79 232584
81 233017
80 233448
81 234316
79 234495
87 234721
80 235147
79 235349
81 235559
80 235967
87 236176
79 236402
81 236878
79 237057
87 237268
81 237734
80 237896
87 238116
80 238544
79 238738
80 238979
80 239382
79 239569
80 239787
80 240284
81 240464
79 240667
87 241149
81 241304
87 241506
87 241982
81 242184
79 242354
87 242844
80 243015
81 243217
79 243427
87 243644
80 244072
79 244664
87 244906
81 246242
79 246632
87 247037
80 247474
79 248105
81 248315
80 248688
80 248898
80 249123
81 249591
79 249986
87 250427
80 250870
81 251554
79 251710
87 252995
80 253366
81 253808
80 254220
79 254851
80 255062
80 255944
79 256567
81 256792
87 257616
80 258232
81 258435
79 259693
87 260159
80 260570
81 260990
79 261621
87 261856
81 263140
80 263544
81 263932
79 264361
87 265014
80 265242
81 266112
79 266719
87 266925
80 267780
80 268394
80 268583
81 269468
81 270135
81 270290
87 270673
80 271116
81 274509
80 274727
87 274921
79 275140
80 275358
81 275754
80 276189
87 276383
79 276624
80 276802
81 277021
79 277246
87 277481
80 277683
81 277886
80 278103
80 278289
80 278491
87 278701
79 279144
81 279587
80 279782
87 280000
79 280202
81 280434
80 280643
87 280869
79 281101
80 281381
