81 0
80 530
79 1036
79 2935
87 3530
81 4082
79 6135
80 6567
80 7191
79 9167
87 9694
81 10309
87 11094
79 11274
80 11810
79 12262
87 12684
80 12865
81 13028
79 13348
80 14203
80 14584
79 14919
79 15175
87 15362
80 15910
81 16098
87 16485
80 18462
79 19600
87 19801
80 20353
81 21156
80 21544
79 22291
87 22673
81 24629
80 25206
87 25760
79 26087
80 26999
79 27201
80 27458
87 28126
79 28274
81 28856
80 29020
87 29214
79 29611
81 30797
80 31374
81 31562
79 31960
81 32342
87 33014
80 33138
79 33496
81 34136
87 35079
80 35266
79 35765
81 35971
80 36596
81 37025
80 37969
87 38163
79 38319
79 38537
81 38919
87 39293
81 40873
80 41247
87 41474
79 41980
79 42751
81 42969
81 44166
80 44369
87 44564
79 44738
79 45127
80 45510
81 45945
79 46117
87 47657
80 48607
81 49022
87 50350
80 50531
81 50719
79 50915
79 51287
87 51700
81 53259
80 53992
79 54389
87 55189
81 55580
81 56561
80 56748
87 56950
79 57128
79 57488
81 57933
80 58314
81 58479
87 59953
81 62310
80 62911
80 64871
87 65486
80 66024
87 67980
79 68533
81 69118
80 71077
87 71676
81 72245
87 74256
80 74753
79 74941
81 75329
80 76141
81 76508
79 76844
87 77267
80 78013
81 78483
79 80382
87 81231
80 81521
81 81747
79 82230
80 83117
81 83533
80 83860
87 84257
79 84591
80 85012
80 86188
81 87170
80 87335
87 87700
79 88080
81 88931
80 89148
87 89405
79 90037
80 90807
87 90971
79 91188
80 91583
81 92757
80 93334
81 93538
79 93833
87 94332
79 95020
87 95295
80 95613
81 96996
80 97175
79 97722
80 97940
81 98550
80 98908
79 99291
81 99938
79 100126
87 100289
80 100491
79 100897
80 101264
81 102875
87 103218
81 103373
81 103967
87 104714
80 106096
79 106269
87 106470
80 106664
80 107022
81 107435
79 107810
87 108091
80 109459
79 110571
81 110913
80 112282
87 112479
79 112705
81 112899
81 113279
87 113652
80 115197
81 115766
79 116274
80 117094
87 117587
81 118507
80 118679
87 118867
79 119077
79 119436
81 119886
80 120245
81 120432
87 121787
80 123755
81 124324
80 124502
81 124859
79 125209
87 126075
80 126224
80 126605
79 127166
81 127361
87 127992
81 128164
87 128343
79 128726
81 129897
80 130497
87 130683
80 131018
79 131408
81 132040
80 132203
81 132577
80 133181
87 134179
79 134373
81 134934
80 135113
87 135721
79 136096
81 138430
80 138634
79 139013
87 139561
80 139739
79 140316
87 140512
79 140729
81 141126
80 142298
81 142893
80 143073
87 143419
79 143833
80 144657
79 144828
87 145219
81 146537
79 146716
87 147277
80 147487
80 148079
79 148467
87 148888
87 167132
80 167498
81 167630
79 167840
80 168221
80 171274
87 171492
79 172139
81 172334
87 172893
81 173306
87 173484
81 173664
81 179480
80 179870
87 180229
79 180612
81 181048
87 181416
80 181783
79 182159
81 182563
80 182937
81 183342
79 183725
81 184117
80 184507
87 184889
79 185256
81 185622
87 186605
80 186817
81 186998
79 187217
87 187593
80 187966
81 188752
80 189538
79 189897
87 190061
80 190645
80 191425
81 192806
80 193001
87 193173
79 193367
79 193764
81 194164
80 194547
87 194750
81 196109
87 197269
80 197604
81 199022
80 199232
81 199388
79 199613
79 199947
87 200375
80 201909
81 202301
80 202489
87 203018
81 203849
79 204060
81 204262
80 205199
81 205411
79 205558
87 205752
80 206133
79 206529
81 206956
80 207151
79 208463
87 209078
80 210404
81 211035
80 211213
81 211571
87 211946
79 212317
80 212738
81 216601
80 217168
87 217371
79 217730
81 218135
79 218946
87 219109
80 219481
81 220859
80 221062
87 221626
81 221796
79 222389
81 222811
80 223799
87 223972
79 224095
81 224306
80 224689
80 225102
79 226793
87 227097
80 227245
81 227829
79 228548
87 228804
79 229007
81 230035
80 230214
87 230417
79 230589
80 230939
80 231345
81 231737
79 231954
81 233340
87 234329
79 234477
87 234796
