81 0
87 1600
79 3211
81 3874
87 4300
79 4658
81 6001
87 6887
79 7299
80 7634
79 8965
81 9882
87 10233
79 10676
81 12150
79 13609
87 15116
79 16638
87 17162
79 17763
80 18303
80 19653
81 20178
79 20746
87 21509
79 21838
80 22220
81 22570
81 23388
80 24164
81 24891
79 25651
87 26381
79 26760
80 27140
80 27805
79 28265
87 28630
79 28980
81 29165
79 29544
87 29702
80 30113
79 30336
79 31053
81 31242
79 31574
87 31716
80 32145
79 32224
80 32524
79 32714
79 33335
81 33443
79 33729
87 33870
79 34106
80 34282
79 34488
81 34677
81 35722
79 35880
79 36464
87 36670
87 37207
80 37460
80 38728
79 38886
79 39473
81 39632
79 40216
87 40405
80 40785
81 40959
81 41800
87 42115
79 42495
80 42922
79 43254
87 43477
81 44374
87 44771
79 45006
80 45483
79 45689
87 46054
81 46245
87 46643
80 46993
80 47741
81 47948
79 48422
87 48629
79 49199
81 49372
81 50735
80 50942
87 51499
79 51674
80 52246
79 52451
80 52779
79 52981
81 53753
87 54099
79 54496
80 54894
79 55243
87 55382
81 56380
79 56709
87 56898
80 57471
79 57694
79 58013
81 58234
79 58567
87 59012
81 60884
87 61214
79 61641
87 63876
79 64147
81 64290
80 64527
87 64654
81 66869
79 67232
80 67657
80 67972
80 68399
79 68653
87 68780
79 69018
81 69525
79 69874
87 70174
80 70286
79 70554
81 70665
81 71406
79 71768
87 72069
80 72496
80 72776
81 74277
79 74387
79 74752
87 75149
80 75532
79 75771
79 76121
87 76248
80 76500
81 76657
79 77001
87 77237
80 77567
81 77711
79 78092
79 78347
79 79032
87 79238
80 79506
79 79664
80 80072
79 80214
81 80591
79 80750
79 81401
87 81496
80 81749
81 81860
79 82114
87 82272
79 82511
79 82639
81 83444
79 83696
87 83790
80 84073
80 84452
79 84736
81 86180
79 86289
80 86590
79 86765
80 87099
80 87495
79 87701
79 88081
87 88241
79 88522
81 88633
80 88964
87 89230
80 89577
81 89752
79 90118
87 90322
79 91124
81 91266
80 91516
87 91641
79 92021
80 92210
79 92577
81 92751
79 93302
81 93446
80 93730
87 93871
79 94077
81 94205
79 94505
80 94681
80 95675
87 95865
79 96479
81 96654
79 97180
87 97386
81 98706
87 98941
81 99496
87 99686
79 100161
80 100431
79 100779
80 101032
81 101730
87 102126
79 102490
80 102903
79 103206
87 103427
81 104396
79 104790
87 104916
80 105484
79 105674
79 106100
87 106275
80 106590
81 106922
81 107796
79 107938
87 108525
80 108732
81 109256
87 109430
81 110773
80 110963
79 111452
87 111658
81 112232
87 112454
79 112785
80 112974
81 113814
80 114128
79 114488
87 114836
81 115232
87 115435
80 116369
79 116731
87 116906
81 117493
87 117668
79 118015
80 118251
79 118597
87 119072
81 119798
87 119988
87 121297
79 121454
80 122777
79 123142
87 123476
79 123871
81 124219
81 124908
87 125223
79 125332
80 125568
79 125711
80 126092
87 126436
81 127129
87 127985
79 128302
80 128709
81 129501
80 129835
87 130213
79 130895
80 131322
81 131687
81 132552
87 132868
79 133233
80 133946
79 134309
87 134736
81 136224
81 136637
81 137003
81 137445
81 137777
81 138144
81 138541
87 138906
79 139237
79 139601
80 140031
79 140347
87 140585
79 141092
81 141283
80 141695
87 141867
79 142117
81 142226
80 142606
79 142828
80 143209
87 143397
79 143729
81 143872
80 144757
87 144931
79 145132
81 145226
80 145607
87 145829
79 146210
81 146335
79 146904
87 147048
80 147302
81 147471
79 147692
87 147851
79 148073
80 148230
80 149006
79 149325
81 149612
80 150164
80 151802
81 151975
79 152338
87 152736
80 153131
79 153307
79 153702
81 153876
80 154098
87 154241
79 154605
79 154844
81 155223
80 155383
87 155728
79 155949
81 156722
80 156847
87 157165
79 157213
80 157643
79 157818
80 158183
79 158353
87 159003
81 159163
87 159433
79 159828
80 159937
79 160158
80 160318
81 165520
80 165742
87 165902
79 166125
81 166252
79 166616
79 166998
81 167237
79 167396
87 167600
80 168152
81 168513
79 168877
80 169243
79 169990
87 170797
79 171510
81 172270
79 172763
80 173189
87 173481
79 173640
81 174069
80 174447
80 174968
87 175300
79 175633
81 175759
80 176156
80 176489
87 177079
79 177405
79 177750
81 177877
79 178195
87 178575
79 179127
79 179506
79 179855
87 180046
80 180330
79 180693
79 181280
79 181609
81 182036
79 182163
87 182464
80 182861
80 183351
80 183715
87 184127
80 184316
81 184618
79 184935
79 185475
79 185849
87 186264
81 186483
87 186753
87 187070
87 187608
87 187955
81 188384
87 188511
80 188843
79 189178
79 189719
79 190116
87 190529
79 190657
81 190990
80 191309
80 191882
80 192201
87 192625
79 192766
80 193116
80 193449
81 194035
80 194381
80 194745
87 194872
79 195159
80 195524
80 196141
80 196475
81 196840
79 196983
87 197300
79 197631
81 198660
87 199042
80 199377
79 199723
80 200104
81 200484
87 201195
79 201921
80 202541
81 203298
87 204437
79 204895
80 205258
81 205461
79 205775
87 206124
81 208940
87 210018
79 210366
80 210731
79 211065
81 211443
79 211762
87 212506
80 213189
81 213933
79 214246
87 214655
81 215832
80 216244
87 216561
79 216688
81 217100
80 217430
81 219533
81 220248
87 221318
80 221700
79 222032
80 222365
81 222746
79 223033
87 223758
80 224518
81 225217
79 225897
81 226973
80 227305
87 227654
79 228002
81 228351
80 228763
87 229462
80 230143
79 230825
81 231170
80 231540
81 232583
81 232914
80 233247
87 233612
79 233992
80 234339
81 235117
80 235815
87 236099
79 236481
81 236812
80 237169
80 238219
79 238485
87 238953
81 239172
87 239648
80 239835
79 241040
81 241199
79 241768
87 241941
80 242527
81 242654
79 242970
87 243208
81 243936
80 244254
87 244635
79 244984
81 245331
80 245456
80 246376
87 246758
79 246917
81 247452
79 247610
87 247941
79 248100
80 248447
79 248811
81 249587
80 249762
87 250206
79 250397
81 250985
80 251143
87 252363
79 252522
80 253074
79 253233
80 253727
79 253918
79 254284
80 254490
80 255172
81 255568
79 255903
87 256279
80 256562
81 256715
81 257651
87 258031
79 258171
80 258706
79 258864
87 259258
81 259433
87 259750
80 260115
87 266157
80 266284
79 266474
81 267570
79 267696
87 267869
80 268294
80 268591
81 269323
